#Gen	 maxScore	 numeval
0	2.72	0
20	5.44	512512
40	7.3	512512
60	7.3	512512
80	7.3	512512
100	7.3	512512
120	7.3	512512
140	7.3	512512
160	7.3	512512
180	7.3	512512
200	7.3	512512
220	7.3	512512
240	7.3	512512
260	7.3	512512
280	7.3	512512
300	7.3	512512
320	7.3	512512
340	7.3	512512
360	7.3	512512
380	7.3	512512
400	7.3	512512
420	7.3	512512
440	7.3	512512
460	7.3	512512
480	7.3	512512
500	7.3	512512
520	7.3	512512
540	7.3	512512
560	7.3	512512
580	7.3	512512
600	7.3	512512
620	7.3	512512
640	7.3	512512
660	7.3	512512
680	7.3	512512
700	7.3	512512
720	7.3	512512
740	7.3	512512
760	7.3	512512
780	7.3	512512
800	7.3	512512
820	7.3	512512
840	7.3	512512
860	7.3	512512
880	7.3	512512
900	7.3	512512
920	7.3	512512
940	7.3	512512
960	7.3	512512
980	7.3	512512
1000	7.3	512512
1020	7.3	512512
1040	7.3	512512
1060	7.3	512512
1080	7.3	512512
1100	7.3	512512
1120	7.3	512512
1140	7.3	512512
1160	7.3	512512
1180	7.3	512512
1200	7.3	512512
1220	7.3	512512
1240	7.3	512512
1260	7.3	512512
1280	7.3	512512
1300	7.3	512512
1320	7.3	512512
1340	7.3	512512
1360	7.3	512512
1380	7.3	512512
1400	7.3	512512
1420	7.3	512512
1440	7.3	512512
1460	7.3	512512
1480	7.3	512512
1500	7.3	512512
1520	7.3	512512
1540	7.3	512512
1560	7.3	512512
1580	7.3	512512
1600	7.3	512512
1620	7.3	512512
1640	7.3	512512
1660	7.3	512512
1680	7.3	512512
1700	7.3	512512
1720	7.3	512512
1740	7.3	512512
1760	7.3	512512
1780	7.3	512512
1800	7.3	512512
1820	7.3	512512
1840	7.3	512512
1860	7.3	512512
1880	7.3	512512
1900	7.3	512512
1920	7.3	512512
1940	7.3	512512
1960	7.3	512512
1980	7.3	512512
2000	7.3	512512
2020	7.3	1024512
2040	7.3	1024512
2060	7.3	1024512
2080	7.3	1024512
2100	7.3	1024512
2120	7.3	1024512
2140	7.3	1024512
2160	7.3	1024512
2180	7.3	1024512
2200	7.3	1024512
2220	7.3	1024512
2240	7.3	1024512
2260	7.3	1024512
2280	7.3	1024512
2300	7.3	1024512
2320	7.3	1024512
2340	7.3	1024512
2360	7.3	1024512
2380	7.3	1024512
2400	7.3	1024512
2420	7.3	1024512
2440	7.3	1024512
2460	7.3	1024512
2480	7.3	1024512
2500	7.3	1024512
2520	7.3	1024512
2540	7.3	1024512
2560	7.3	1024512
2580	7.3	1024512
2600	7.3	1024512
2620	7.3	1024512
2640	7.3	1024512
2660	7.3	1024512
2680	7.3	1024512
2700	7.3	1024512
2720	7.3	1024512
2740	7.3	1024512
2760	7.3	1024512
2780	7.3	1024512
2800	7.3	1024512
2820	7.3	1024512
2840	7.3	1024512
2860	7.3	1024512
2880	7.3	1024512
2900	7.3	1024512
2920	7.3	1024512
2940	7.3	1024512
2960	7.3	1024512
2980	7.3	1024512
3000	7.3	1024512
3020	7.3	1024512
3040	7.3	1024512
3060	7.3	1024512
3080	7.3	1024512
3100	7.3	1024512
3120	7.3	1024512
3140	7.3	1024512
3160	7.3	1024512
3180	7.3	1024512
3200	7.3	1024512
3220	7.3	1024512
3240	7.3	1024512
3260	7.3	1024512
3280	7.3	1024512
3300	7.3	1024512
3320	7.3	1024512
3340	7.3	1024512
3360	7.3	1024512
3380	7.3	1024512
3400	7.3	1024512
3420	7.3	1024512
3440	7.3	1024512
3460	7.3	1024512
3480	7.3	1024512
3500	7.3	1024512
3520	7.3	1024512
3540	7.3	1024512
3560	7.3	1024512
3580	7.3	1024512
3600	7.3	1024512
3620	7.3	1024512
3640	7.3	1024512
3660	7.3	1024512
3680	7.3	1024512
3700	7.3	1024512
3720	7.3	1024512
3740	7.3	1024512
3760	7.3	1024512
3780	7.3	1024512
3800	7.3	1024512
3820	7.3	1024512
3840	7.3	1024512
3860	7.3	1024512
3880	7.3	1024512
3900	7.3	1024512
3920	7.3	1024512
3940	7.3	1024512
3960	7.3	1024512
3980	7.3	1024512
4000	7.3	1024512
4020	7.3	1536512
4040	7.3	1536512
4060	7.3	1536512
4080	7.3	1536512
4100	7.3	1536512
4120	7.3	1536512
4140	7.3	1536512
4160	7.3	1536512
4180	7.3	1536512
4200	7.3	1536512
4220	7.3	1536512
4240	7.3	1536512
4260	7.3	1536512
4280	7.3	1536512
4300	7.3	1536512
4320	7.3	1536512
4340	7.3	1536512
4360	7.3	1536512
4380	7.3	1536512
4400	7.3	1536512
4420	7.3	1536512
4440	7.3	1536512
4460	7.3	1536512
4480	7.3	1536512
4500	7.3	1536512
4520	7.3	1536512
4540	7.3	1536512
4560	7.3	1536512
4580	7.3	1536512
4600	7.3	1536512
4620	7.3	1536512
4640	7.3	1536512
4660	7.3	1536512
4680	7.3	1536512
4700	7.3	1536512
4720	7.3	1536512
4740	7.3	1536512
4760	7.3	1536512
4780	7.3	1536512
4800	7.3	1536512
4820	7.3	1536512
4840	7.3	1536512
4860	7.3	1536512
4880	7.3	1536512
4900	7.3	1536512
4920	7.3	1536512
4940	7.3	1536512
4960	7.3	1536512
4980	7.3	1536512
5000	7.3	1536512
5020	7.3	1536512
5040	7.3	1536512
5060	7.3	1536512
5080	7.3	1536512
5100	7.3	1536512
5120	7.3	1536512
5140	7.3	1536512
5160	7.3	1536512
5180	7.3	1536512
5200	7.3	1536512
5220	7.3	1536512
5240	7.3	1536512
5260	7.3	1536512
5280	7.3	1536512
5300	7.3	1536512
5320	7.3	1536512
5340	7.3	1536512
5360	7.3	1536512
5380	7.3	1536512
5400	7.3	1536512
5420	7.3	1536512
5440	7.3	1536512
5460	7.3	1536512
5480	7.3	1536512
5500	7.3	1536512
5520	7.3	1536512
5540	7.3	1536512
5560	7.3	1536512
5580	7.3	1536512
5600	7.3	1536512
5620	7.3	1536512
5640	7.3	1536512
5660	7.3	1536512
5680	7.3	1536512
5700	7.3	1536512
5720	7.3	1536512
5740	7.3	1536512
5760	7.3	1536512
5780	7.3	1536512
5800	7.3	1536512
5820	7.3	1536512
5840	7.3	1536512
5860	7.3	1536512
5880	7.3	1536512
5900	7.3	1536512
5920	7.3	1536512
5940	7.3	1536512
5960	7.3	1536512
5980	7.3	1536512
6000	7.3	1536512
6020	7.3	2048512
6040	7.3	2048512
6060	7.3	2048512
6080	7.3	2048512
6100	7.3	2048512
6120	7.3	2048512
6140	7.3	2048512
6160	7.3	2048512
6180	7.3	2048512
6200	7.3	2048512
6220	7.3	2048512
6240	7.3	2048512
6260	7.3	2048512
6280	7.3	2048512
6300	7.3	2048512
6320	7.3	2048512
6340	7.3	2048512
6360	7.3	2048512
6380	7.3	2048512
6400	7.3	2048512
6420	7.3	2048512
6440	7.3	2048512
6460	7.3	2048512
6480	7.3	2048512
6500	7.3	2048512
6520	7.3	2048512
6540	7.3	2048512
6560	7.3	2048512
6580	7.3	2048512
6600	7.3	2048512
6620	7.3	2048512
6640	7.3	2048512
6660	7.3	2048512
6680	7.3	2048512
6700	7.3	2048512
6720	7.3	2048512
6740	7.3	2048512
6760	7.3	2048512
6780	7.3	2048512
6800	7.3	2048512
6820	7.3	2048512
6840	7.3	2048512
6860	7.3	2048512
6880	7.3	2048512
6900	7.3	2048512
6920	7.3	2048512
6940	7.3	2048512
6960	7.3	2048512
6980	7.3	2048512
7000	7.3	2048512
7020	7.3	2048512
7040	7.3	2048512
7060	7.3	2048512
7080	7.3	2048512
7100	7.3	2048512
7120	7.3	2048512
7140	7.3	2048512
7160	7.3	2048512
7180	7.3	2048512
7200	7.3	2048512
7220	7.3	2048512
7240	7.3	2048512
7260	7.3	2048512
7280	7.3	2048512
7300	7.3	2048512
7320	7.3	2048512
7340	7.3	2048512
7360	7.3	2048512
7380	7.3	2048512
7400	7.3	2048512
7420	7.3	2048512
7440	7.3	2048512
7460	7.3	2048512
7480	7.3	2048512
7500	7.3	2048512
7520	7.3	2048512
7540	7.3	2048512
7560	7.3	2048512
7580	7.3	2048512
7600	7.3	2048512
7620	7.3	2048512
7640	7.3	2048512
7660	7.3	2048512
7680	7.3	2048512
7700	7.3	2048512
7720	7.3	2048512
7740	7.3	2048512
7760	7.3	2048512
7780	7.3	2048512
7800	7.3	2048512
7820	7.3	2048512
7840	7.3	2048512
7860	7.3	2048512
7880	7.3	2048512
7900	7.3	2048512
7920	7.3	2048512
7940	7.3	2048512
7960	7.3	2048512
7980	7.3	2048512
8000	7.3	2048512
8020	7.3	2560512
8040	7.3	2560512
8060	7.3	2560512
8080	7.3	2560512
8100	7.3	2560512
8120	7.3	2560512
8140	7.3	2560512
8160	7.3	2560512
8180	7.3	2560512
8200	7.3	2560512
8220	7.3	2560512
8240	7.3	2560512
8260	7.3	2560512
8280	7.3	2560512
8300	7.3	2560512
8320	7.3	2560512
8340	7.3	2560512
8360	7.3	2560512
8380	7.3	2560512
8400	7.3	2560512
8420	7.3	2560512
8440	7.3	2560512
8460	7.3	2560512
8480	7.3	2560512
8500	7.3	2560512
8520	7.3	2560512
8540	7.3	2560512
8560	7.3	2560512
8580	7.3	2560512
8600	7.3	2560512
8620	7.3	2560512
8640	7.3	2560512
8660	7.3	2560512
8680	7.3	2560512
8700	7.3	2560512
8720	7.3	2560512
8740	7.3	2560512
8760	7.3	2560512
8780	7.3	2560512
8800	7.3	2560512
8820	7.3	2560512
8840	7.3	2560512
8860	7.3	2560512
8880	7.3	2560512
8900	7.3	2560512
8920	7.3	2560512
8940	7.3	2560512
8960	7.3	2560512
8980	7.3	2560512
9000	7.3	2560512
9020	7.3	2560512
9040	7.3	2560512
9060	7.3	2560512
9080	7.3	2560512
9100	7.3	2560512
9120	7.3	2560512
9140	7.3	2560512
9160	7.3	2560512
9180	7.3	2560512
9200	7.3	2560512
9220	7.3	2560512
9240	7.3	2560512
9260	7.3	2560512
9280	7.3	2560512
9300	7.3	2560512
9320	7.3	2560512
9340	7.3	2560512
9360	7.3	2560512
9380	7.3	2560512
9400	7.3	2560512
9420	7.3	2560512
9440	7.3	2560512
9460	7.3	2560512
9480	7.3	2560512
9500	7.3	2560512
9520	7.3	2560512
9540	7.3	2560512
9560	7.3	2560512
9580	7.3	2560512
9600	7.3	2560512
9620	7.3	2560512
9640	7.3	2560512
9660	7.3	2560512
9680	7.3	2560512
9700	7.3	2560512
9720	7.3	2560512
9740	7.3	2560512
9760	7.3	2560512
9780	7.3	2560512
9800	7.3	2560512
9820	7.3	2560512
9840	7.3	2560512
9860	7.3	2560512
9880	7.3	2560512
9900	7.3	2560512
9920	7.3	2560512
9940	7.3	2560512
9960	7.3	2560512
9980	7.3	2560512
10000	7.3	2560512
#Gen	 maxScore	 numeval
20	3.04	512000
40	5.44	512000
60	7.3	512000
80	7.3	512000
100	7.3	512000
120	7.3	512000
140	7.3	512000
160	7.3	512000
180	7.3	512000
200	7.3	512000
220	7.3	512000
240	7.3	512000
260	7.3	512000
280	7.3	512000
300	7.3	512000
320	7.3	512000
340	7.3	512000
360	7.3	512000
380	7.3	512000
400	7.3	512000
420	7.3	512000
440	7.3	512000
460	7.3	512000
480	7.3	512000
500	7.3	512000
520	7.3	512000
540	7.3	512000
560	7.3	512000
580	7.3	512000
600	7.3	512000
620	7.3	512000
640	7.3	512000
660	7.3	512000
680	7.3	512000
700	7.3	512000
720	7.3	512000
740	7.3	512000
760	7.3	512000
780	7.3	512000
800	7.3	512000
820	7.3	512000
840	7.3	512000
860	7.3	512000
880	7.3	512000
900	7.3	512000
920	7.3	512000
940	7.3	512000
960	7.3	512000
980	7.3	512000
1000	7.3	512000
1020	7.3	512000
1040	7.3	512000
1060	7.3	512000
1080	7.3	512000
1100	7.3	512000
1120	7.3	512000
1140	7.3	512000
1160	7.3	512000
1180	7.3	512000
1200	7.3	512000
1220	7.3	512000
1240	7.3	512000
1260	7.3	512000
1280	7.3	512000
1300	7.3	512000
1320	7.3	512000
1340	7.3	512000
1360	7.3	512000
1380	7.3	512000
1400	7.3	512000
1420	7.3	512000
1440	7.3	512000
1460	7.3	512000
1480	7.3	512000
1500	7.3	512000
1520	7.3	512000
1540	7.3	512000
1560	7.3	512000
1580	7.3	512000
1600	7.3	512000
1620	7.3	512000
1640	7.3	512000
1660	7.3	512000
1680	7.3	512000
1700	7.3	512000
1720	7.3	512000
1740	7.3	512000
1760	7.3	512000
1780	7.3	512000
1800	7.3	512000
1820	7.3	512000
1840	7.3	512000
1860	7.3	512000
1880	7.3	512000
1900	7.3	512000
1920	7.3	512000
1940	7.3	512000
1960	7.3	512000
1980	7.3	512000
2000	7.3	512000
2020	7.3	1024000
2040	7.3	1024000
2060	7.3	1024000
2080	7.3	1024000
2100	7.3	1024000
2120	7.3	1024000
2140	7.3	1024000
2160	7.3	1024000
2180	7.3	1024000
2200	7.3	1024000
2220	7.3	1024000
2240	7.3	1024000
2260	7.3	1024000
2280	7.3	1024000
2300	7.3	1024000
2320	7.3	1024000
2340	7.3	1024000
2360	7.3	1024000
2380	7.3	1024000
2400	7.3	1024000
2420	7.3	1024000
2440	7.3	1024000
2460	7.3	1024000
2480	7.3	1024000
2500	7.3	1024000
2520	7.3	1024000
2540	7.3	1024000
2560	7.3	1024000
2580	7.3	1024000
2600	7.3	1024000
2620	7.3	1024000
2640	7.3	1024000
2660	7.3	1024000
2680	7.3	1024000
2700	7.3	1024000
2720	7.3	1024000
2740	7.3	1024000
2760	7.3	1024000
2780	7.3	1024000
2800	7.3	1024000
2820	7.3	1024000
2840	7.3	1024000
2860	7.3	1024000
2880	7.3	1024000
2900	7.3	1024000
2920	7.3	1024000
2940	7.3	1024000
2960	7.3	1024000
2980	7.3	1024000
3000	7.3	1024000
3020	7.3	1024000
3040	7.3	1024000
3060	7.3	1024000
3080	7.3	1024000
3100	7.3	1024000
3120	7.3	1024000
3140	7.3	1024000
3160	7.3	1024000
3180	7.3	1024000
3200	7.3	1024000
3220	7.3	1024000
3240	7.3	1024000
3260	7.3	1024000
3280	7.3	1024000
3300	7.3	1024000
3320	7.3	1024000
3340	7.3	1024000
3360	7.3	1024000
3380	7.3	1024000
3400	7.3	1024000
3420	7.3	1024000
3440	7.3	1024000
3460	7.3	1024000
3480	7.3	1024000
3500	7.3	1024000
3520	7.3	1024000
3540	7.3	1024000
3560	7.3	1024000
3580	7.3	1024000
3600	7.3	1024000
3620	7.3	1024000
3640	7.3	1024000
3660	7.3	1024000
3680	7.3	1024000
3700	7.3	1024000
3720	7.3	1024000
3740	7.3	1024000
3760	7.3	1024000
3780	7.3	1024000
3800	7.3	1024000
3820	7.3	1024000
3840	7.3	1024000
3860	7.3	1024000
3880	7.3	1024000
3900	7.3	1024000
3920	7.3	1024000
3940	7.3	1024000
3960	7.3	1024000
3980	7.3	1024000
4000	7.3	1024000
4020	7.3	1536000
4040	7.3	1536000
4060	7.3	1536000
4080	7.3	1536000
4100	7.3	1536000
4120	7.3	1536000
4140	7.3	1536000
4160	7.3	1536000
4180	7.3	1536000
4200	7.3	1536000
4220	7.3	1536000
4240	7.3	1536000
4260	7.3	1536000
4280	7.3	1536000
4300	7.3	1536000
4320	7.3	1536000
4340	7.3	1536000
4360	7.3	1536000
4380	7.3	1536000
4400	7.3	1536000
4420	7.3	1536000
4440	7.3	1536000
4460	7.3	1536000
4480	7.3	1536000
4500	7.3	1536000
4520	7.3	1536000
4540	7.3	1536000
4560	7.3	1536000
4580	7.3	1536000
4600	7.3	1536000
4620	7.3	1536000
4640	7.3	1536000
4660	7.3	1536000
4680	7.3	1536000
4700	7.3	1536000
4720	7.3	1536000
4740	7.3	1536000
4760	7.3	1536000
4780	7.3	1536000
4800	7.3	1536000
4820	7.3	1536000
4840	7.3	1536000
4860	7.3	1536000
4880	7.3	1536000
4900	7.3	1536000
4920	7.3	1536000
4940	7.3	1536000
4960	7.3	1536000
4980	7.3	1536000
5000	7.3	1536000
5020	7.3	1536000
5040	7.3	1536000
5060	7.3	1536000
5080	7.3	1536000
5100	7.3	1536000
5120	7.3	1536000
5140	7.3	1536000
5160	7.3	1536000
5180	7.3	1536000
5200	7.3	1536000
5220	7.3	1536000
5240	7.3	1536000
5260	7.3	1536000
5280	7.3	1536000
5300	7.3	1536000
5320	7.3	1536000
5340	7.3	1536000
5360	7.3	1536000
5380	7.3	1536000
5400	7.3	1536000
5420	7.3	1536000
5440	7.3	1536000
5460	7.3	1536000
5480	7.3	1536000
5500	7.3	1536000
5520	7.3	1536000
5540	7.3	1536000
5560	7.3	1536000
5580	7.3	1536000
5600	7.3	1536000
5620	7.3	1536000
5640	7.3	1536000
5660	7.3	1536000
5680	7.3	1536000
5700	7.3	1536000
5720	7.3	1536000
5740	7.3	1536000
5760	7.3	1536000
5780	7.3	1536000
5800	7.3	1536000
5820	7.3	1536000
5840	7.3	1536000
5860	7.3	1536000
5880	7.3	1536000
5900	7.3	1536000
5920	7.3	1536000
5940	7.3	1536000
5960	7.3	1536000
5980	7.3	1536000
6000	7.3	1536000
6020	7.3	2048000
6040	7.3	2048000
6060	7.3	2048000
6080	7.3	2048000
6100	7.3	2048000
6120	7.3	2048000
6140	7.3	2048000
6160	7.3	2048000
6180	7.3	2048000
6200	7.3	2048000
6220	7.3	2048000
6240	7.3	2048000
6260	7.3	2048000
6280	7.3	2048000
6300	7.3	2048000
6320	7.3	2048000
6340	7.3	2048000
6360	7.3	2048000
6380	7.3	2048000
6400	7.3	2048000
6420	7.3	2048000
6440	7.3	2048000
6460	7.3	2048000
6480	7.3	2048000
6500	7.3	2048000
6520	7.3	2048000
6540	7.3	2048000
6560	7.3	2048000
6580	7.3	2048000
6600	7.3	2048000
6620	7.3	2048000
6640	7.3	2048000
6660	7.3	2048000
6680	7.3	2048000
6700	7.3	2048000
6720	7.3	2048000
6740	7.3	2048000
6760	7.3	2048000
6780	7.3	2048000
6800	7.3	2048000
6820	7.3	2048000
6840	7.3	2048000
6860	7.3	2048000
6880	7.3	2048000
6900	7.3	2048000
6920	7.3	2048000
6940	7.3	2048000
6960	7.3	2048000
6980	7.3	2048000
7000	7.3	2048000
7020	7.3	2048000
7040	7.3	2048000
7060	7.3	2048000
7080	7.3	2048000
7100	7.3	2048000
7120	7.3	2048000
7140	7.3	2048000
7160	7.3	2048000
7180	7.3	2048000
7200	7.3	2048000
7220	7.3	2048000
7240	7.3	2048000
7260	7.3	2048000
7280	7.3	2048000
7300	7.3	2048000
7320	7.3	2048000
7340	7.3	2048000
7360	7.3	2048000
7380	7.3	2048000
7400	7.3	2048000
7420	7.3	2048000
7440	7.3	2048000
7460	7.3	2048000
7480	7.3	2048000
7500	7.3	2048000
7520	7.3	2048000
7540	7.3	2048000
7560	7.3	2048000
7580	7.3	2048000
7600	7.3	2048000
7620	7.3	2048000
7640	7.3	2048000
7660	7.3	2048000
7680	7.3	2048000
7700	7.3	2048000
7720	7.3	2048000
7740	7.3	2048000
7760	7.3	2048000
7780	7.3	2048000
7800	7.3	2048000
7820	7.3	2048000
7840	7.3	2048000
7860	7.3	2048000
7880	7.3	2048000
7900	7.3	2048000
7920	7.3	2048000
7940	7.3	2048000
7960	7.3	2048000
7980	7.3	2048000
8000	7.3	2048000
8020	7.3	2560000
8040	7.3	2560000
8060	7.3	2560000
8080	7.3	2560000
8100	7.3	2560000
8120	7.3	2560000
8140	7.3	2560000
8160	7.3	2560000
8180	7.3	2560000
8200	7.3	2560000
8220	7.3	2560000
8240	7.3	2560000
8260	7.3	2560000
8280	7.3	2560000
8300	7.3	2560000
8320	7.3	2560000
8340	7.3	2560000
8360	7.3	2560000
8380	7.3	2560000
8400	7.3	2560000
8420	7.3	2560000
8440	7.3	2560000
8460	7.3	2560000
8480	7.3	2560000
8500	7.3	2560000
8520	7.3	2560000
8540	7.3	2560000
8560	7.3	2560000
8580	7.3	2560000
8600	7.3	2560000
8620	7.3	2560000
8640	7.3	2560000
8660	7.3	2560000
8680	7.3	2560000
8700	7.3	2560000
8720	7.3	2560000
8740	7.3	2560000
8760	7.3	2560000
8780	7.3	2560000
8800	7.3	2560000
8820	7.3	2560000
8840	7.3	2560000
8860	7.3	2560000
8880	7.3	2560000
8900	7.3	2560000
8920	7.3	2560000
8940	7.3	2560000
8960	7.3	2560000
8980	7.3	2560000
9000	7.3	2560000
9020	7.3	2560000
9040	7.3	2560000
9060	7.3	2560000
9080	7.3	2560000
9100	7.3	2560000
9120	7.3	2560000
9140	7.3	2560000
9160	7.3	2560000
9180	7.3	2560000
9200	7.3	2560000
9220	7.3	2560000
9240	7.3	2560000
9260	7.3	2560000
9280	7.3	2560000
9300	7.3	2560000
9320	7.3	2560000
9340	7.3	2560000
9360	7.3	2560000
9380	7.3	2560000
9400	7.3	2560000
9420	7.3	2560000
9440	7.3	2560000
9460	7.3	2560000
9480	7.3	2560000
9500	7.3	2560000
9520	7.3	2560000
9540	7.3	2560000
9560	7.3	2560000
9580	7.3	2560000
9600	7.3	2560000
9620	7.3	2560000
9640	7.3	2560000
9660	7.3	2560000
9680	7.3	2560000
9700	7.3	2560000
9720	7.3	2560000
9740	7.3	2560000
9760	7.3	2560000
9780	7.3	2560000
9800	7.3	2560000
9820	7.3	2560000
9840	7.3	2560000
9860	7.3	2560000
9880	7.3	2560000
9900	7.3	2560000
9920	7.3	2560000
9940	7.3	2560000
9960	7.3	2560000
9980	7.3	2560000
10000	7.3	2560000
#Gen	 maxScore	 numeval
20	3.04	512000
40	5.44	512000
60	7.3	512000
80	7.3	512000
100	7.3	512000
120	7.3	512000
140	7.3	512000
160	7.3	512000
180	7.3	512000
200	7.3	512000
220	7.3	512000
240	7.3	512000
260	7.3	512000
280	7.3	512000
300	7.3	512000
320	7.3	512000
340	7.3	512000
360	7.3	512000
380	7.3	512000
400	7.3	512000
420	7.3	512000
440	7.3	512000
460	7.3	512000
480	7.3	512000
500	7.3	512000
520	7.3	512000
540	7.3	512000
560	7.3	512000
580	7.3	512000
600	7.3	512000
620	7.3	512000
640	7.3	512000
660	7.3	512000
680	7.3	512000
700	7.3	512000
720	7.3	512000
740	7.3	512000
760	7.3	512000
780	7.3	512000
800	7.3	512000
820	7.3	512000
840	7.3	512000
860	7.3	512000
880	7.3	512000
900	7.3	512000
920	7.3	512000
940	7.3	512000
960	7.3	512000
980	7.3	512000
1000	7.3	512000
1020	7.3	512000
1040	7.3	512000
1060	7.3	512000
1080	7.3	512000
1100	7.3	512000
1120	7.3	512000
1140	7.3	512000
1160	7.3	512000
1180	7.3	512000
1200	7.3	512000
1220	7.3	512000
1240	7.3	512000
1260	7.3	512000
1280	7.3	512000
1300	7.3	512000
1320	7.3	512000
1340	7.3	512000
1360	7.3	512000
1380	7.3	512000
1400	7.3	512000
1420	7.3	512000
1440	7.3	512000
1460	7.3	512000
1480	7.3	512000
1500	7.3	512000
1520	7.3	512000
1540	7.3	512000
1560	7.3	512000
1580	7.3	512000
1600	7.3	512000
1620	7.3	512000
1640	7.3	512000
1660	7.3	512000
1680	7.3	512000
1700	7.3	512000
1720	7.3	512000
1740	7.3	512000
1760	7.3	512000
1780	7.3	512000
1800	7.3	512000
1820	7.3	512000
1840	7.3	512000
1860	7.3	512000
1880	7.3	512000
1900	7.3	512000
1920	7.3	512000
1940	7.3	512000
1960	7.3	512000
1980	7.3	512000
2000	7.3	512000
2020	7.3	1024000
2040	7.3	1024000
2060	7.3	1024000
2080	7.3	1024000
2100	7.3	1024000
2120	7.3	1024000
2140	7.3	1024000
2160	7.3	1024000
2180	7.3	1024000
2200	7.3	1024000
2220	7.3	1024000
2240	7.3	1024000
2260	7.3	1024000
2280	7.3	1024000
2300	7.3	1024000
2320	7.3	1024000
2340	7.3	1024000
2360	7.3	1024000
2380	7.3	1024000
2400	7.3	1024000
2420	7.3	1024000
2440	7.3	1024000
2460	7.3	1024000
2480	7.3	1024000
2500	7.3	1024000
2520	7.3	1024000
2540	7.3	1024000
2560	7.3	1024000
2580	7.3	1024000
2600	7.3	1024000
2620	7.3	1024000
2640	7.3	1024000
2660	7.3	1024000
2680	7.3	1024000
2700	7.3	1024000
2720	7.3	1024000
2740	7.3	1024000
2760	7.3	1024000
2780	7.3	1024000
2800	7.3	1024000
2820	7.3	1024000
2840	7.3	1024000
2860	7.3	1024000
2880	7.3	1024000
2900	7.3	1024000
2920	7.3	1024000
2940	7.3	1024000
2960	7.3	1024000
2980	7.3	1024000
3000	7.3	1024000
3020	7.3	1024000
3040	7.3	1024000
3060	7.3	1024000
3080	7.3	1024000
3100	7.3	1024000
3120	7.3	1024000
3140	7.3	1024000
3160	7.3	1024000
3180	7.3	1024000
3200	7.3	1024000
3220	7.3	1024000
3240	7.3	1024000
3260	7.3	1024000
3280	7.3	1024000
3300	7.3	1024000
3320	7.3	1024000
3340	7.3	1024000
3360	7.3	1024000
3380	7.3	1024000
3400	7.3	1024000
3420	7.3	1024000
3440	7.3	1024000
3460	7.3	1024000
3480	7.3	1024000
3500	7.3	1024000
3520	7.3	1024000
3540	7.3	1024000
3560	7.3	1024000
3580	7.3	1024000
3600	7.3	1024000
3620	7.3	1024000
3640	7.3	1024000
3660	7.3	1024000
3680	7.3	1024000
3700	7.3	1024000
3720	7.3	1024000
3740	7.3	1024000
3760	7.3	1024000
3780	7.3	1024000
3800	7.3	1024000
3820	7.3	1024000
3840	7.3	1024000
3860	7.3	1024000
3880	7.3	1024000
3900	7.3	1024000
3920	7.3	1024000
3940	7.3	1024000
3960	7.3	1024000
3980	7.3	1024000
4000	7.3	1024000
4020	7.3	1536000
4040	7.3	1536000
4060	7.3	1536000
4080	7.3	1536000
4100	7.3	1536000
4120	7.3	1536000
4140	7.3	1536000
4160	7.3	1536000
4180	7.3	1536000
4200	7.3	1536000
4220	7.3	1536000
4240	7.3	1536000
4260	7.3	1536000
4280	7.3	1536000
4300	7.3	1536000
4320	7.3	1536000
4340	7.3	1536000
4360	7.3	1536000
4380	7.3	1536000
4400	7.3	1536000
4420	7.3	1536000
4440	7.3	1536000
4460	7.3	1536000
4480	7.3	1536000
4500	7.3	1536000
4520	7.3	1536000
4540	7.3	1536000
4560	7.3	1536000
4580	7.3	1536000
4600	7.3	1536000
4620	7.3	1536000
4640	7.3	1536000
4660	7.3	1536000
4680	7.3	1536000
4700	7.3	1536000
4720	7.3	1536000
4740	7.3	1536000
4760	7.3	1536000
4780	7.3	1536000
4800	7.3	1536000
4820	7.3	1536000
4840	7.3	1536000
4860	7.3	1536000
4880	7.3	1536000
4900	7.3	1536000
4920	7.3	1536000
4940	7.3	1536000
4960	7.3	1536000
4980	7.3	1536000
5000	7.3	1536000
5020	7.3	1536000
5040	7.3	1536000
5060	7.3	1536000
5080	7.3	1536000
5100	7.3	1536000
5120	7.3	1536000
5140	7.3	1536000
5160	7.3	1536000
5180	7.3	1536000
5200	7.3	1536000
5220	7.3	1536000
5240	7.3	1536000
5260	7.3	1536000
5280	7.3	1536000
5300	7.3	1536000
5320	7.3	1536000
5340	7.3	1536000
5360	7.3	1536000
5380	7.3	1536000
5400	7.3	1536000
5420	7.3	1536000
5440	7.3	1536000
5460	7.3	1536000
5480	7.3	1536000
5500	7.3	1536000
5520	7.3	1536000
5540	7.3	1536000
5560	7.3	1536000
5580	7.3	1536000
5600	7.3	1536000
5620	7.3	1536000
5640	7.3	1536000
5660	7.3	1536000
5680	7.3	1536000
5700	7.3	1536000
5720	7.3	1536000
5740	7.3	1536000
5760	7.3	1536000
5780	7.3	1536000
5800	7.3	1536000
5820	7.3	1536000
5840	7.3	1536000
5860	7.3	1536000
5880	7.3	1536000
5900	7.3	1536000
5920	7.3	1536000
5940	7.3	1536000
5960	7.3	1536000
5980	7.3	1536000
6000	7.3	1536000
6020	7.3	2048000
6040	7.3	2048000
6060	7.3	2048000
6080	7.3	2048000
6100	7.3	2048000
6120	7.3	2048000
6140	7.3	2048000
6160	7.3	2048000
6180	7.3	2048000
6200	7.3	2048000
6220	7.3	2048000
6240	7.3	2048000
6260	7.3	2048000
6280	7.3	2048000
6300	7.3	2048000
6320	7.3	2048000
6340	7.3	2048000
6360	7.3	2048000
6380	7.3	2048000
6400	7.3	2048000
6420	7.3	2048000
6440	7.3	2048000
6460	7.3	2048000
6480	7.3	2048000
6500	7.3	2048000
6520	7.3	2048000
6540	7.3	2048000
6560	7.3	2048000
6580	7.3	2048000
6600	7.3	2048000
6620	7.3	2048000
6640	7.3	2048000
6660	7.3	2048000
6680	7.3	2048000
6700	7.3	2048000
6720	7.3	2048000
6740	7.3	2048000
6760	7.3	2048000
6780	7.3	2048000
6800	7.3	2048000
6820	7.3	2048000
6840	7.3	2048000
6860	7.3	2048000
6880	7.3	2048000
6900	7.3	2048000
6920	7.3	2048000
6940	7.3	2048000
6960	7.3	2048000
6980	7.3	2048000
7000	7.3	2048000
7020	7.3	2048000
7040	7.3	2048000
7060	7.3	2048000
7080	7.3	2048000
7100	7.3	2048000
7120	7.3	2048000
7140	7.3	2048000
7160	7.3	2048000
7180	7.3	2048000
7200	7.3	2048000
7220	7.3	2048000
7240	7.3	2048000
7260	7.3	2048000
7280	7.3	2048000
7300	7.3	2048000
7320	7.3	2048000
7340	7.3	2048000
7360	7.3	2048000
7380	7.3	2048000
7400	7.3	2048000
7420	7.3	2048000
7440	7.3	2048000
7460	7.3	2048000
7480	7.3	2048000
7500	7.3	2048000
7520	7.3	2048000
7540	7.3	2048000
7560	7.3	2048000
7580	7.3	2048000
7600	7.3	2048000
7620	7.3	2048000
7640	7.3	2048000
7660	7.3	2048000
7680	7.3	2048000
7700	7.3	2048000
7720	7.3	2048000
7740	7.3	2048000
7760	7.3	2048000
7780	7.3	2048000
7800	7.3	2048000
7820	7.3	2048000
7840	7.3	2048000
7860	7.3	2048000
7880	7.3	2048000
7900	7.3	2048000
7920	7.3	2048000
7940	7.3	2048000
7960	7.3	2048000
7980	7.3	2048000
8000	7.3	2048000
8020	7.3	2560000
8040	7.3	2560000
8060	7.3	2560000
8080	7.3	2560000
8100	7.3	2560000
8120	7.3	2560000
8140	7.3	2560000
8160	7.3	2560000
8180	7.3	2560000
8200	7.3	2560000
8220	7.3	2560000
8240	7.3	2560000
8260	7.3	2560000
8280	7.3	2560000
8300	7.3	2560000
8320	7.3	2560000
8340	7.3	2560000
8360	7.3	2560000
8380	7.3	2560000
8400	7.3	2560000
8420	7.3	2560000
8440	7.3	2560000
8460	7.3	2560000
8480	7.3	2560000
8500	7.3	2560000
8520	7.3	2560000
8540	7.3	2560000
8560	7.3	2560000
8580	7.3	2560000
8600	7.3	2560000
8620	7.3	2560000
8640	7.3	2560000
8660	7.3	2560000
8680	7.3	2560000
8700	7.3	2560000
8720	7.3	2560000
8740	7.3	2560000
8760	7.3	2560000
8780	7.3	2560000
8800	7.3	2560000
8820	7.3	2560000
8840	7.3	2560000
8860	7.3	2560000
8880	7.3	2560000
8900	7.3	2560000
8920	7.3	2560000
8940	7.3	2560000
8960	7.3	2560000
8980	7.3	2560000
9000	7.3	2560000
9020	7.3	2560000
9040	7.3	2560000
9060	7.3	2560000
9080	7.3	2560000
9100	7.3	2560000
9120	7.3	2560000
9140	7.3	2560000
9160	7.3	2560000
9180	7.3	2560000
9200	7.3	2560000
9220	7.3	2560000
9240	7.3	2560000
9260	7.3	2560000
9280	7.3	2560000
9300	7.3	2560000
9320	7.3	2560000
9340	7.3	2560000
9360	7.3	2560000
9380	7.3	2560000
9400	7.3	2560000
9420	7.3	2560000
9440	7.3	2560000
9460	7.3	2560000
9480	7.3	2560000
9500	7.3	2560000
9520	7.3	2560000
9540	7.3	2560000
9560	7.3	2560000
9580	7.3	2560000
9600	7.3	2560000
9620	7.3	2560000
9640	7.3	2560000
9660	7.3	2560000
9680	7.3	2560000
9700	7.3	2560000
9720	7.3	2560000
9740	7.3	2560000
9760	7.3	2560000
9780	7.3	2560000
9800	7.3	2560000
9820	7.3	2560000
9840	7.3	2560000
9860	7.3	2560000
9880	7.3	2560000
9900	7.3	2560000
9920	7.3	2560000
9940	7.3	2560000
9960	7.3	2560000
9980	7.3	2560000
10000	7.3	2560000
10020	7.3	3072000
10040	7.3	3072000
10060	7.3	3072000
10080	7.3	3072000
10100	7.3	3072000
10120	7.3	3072000
10140	7.3	3072000
10160	7.3	3072000
10180	7.3	3072000
10200	7.3	3072000
10220	7.3	3072000
10240	7.3	3072000
10260	7.3	3072000
10280	7.3	3072000
10300	7.3	3072000
10320	7.3	3072000
10340	7.3	3072000
10360	7.3	3072000
10380	7.3	3072000
10400	7.3	3072000
10420	7.3	3072000
10440	7.3	3072000
10460	7.3	3072000
10480	7.3	3072000
10500	7.3	3072000
10520	7.3	3072000
10540	7.3	3072000
10560	7.3	3072000
10580	7.3	3072000
10600	7.3	3072000
10620	7.3	3072000
10640	7.3	3072000
10660	7.3	3072000
10680	7.3	3072000
10700	7.3	3072000
10720	7.3	3072000
10740	7.3	3072000
10760	7.3	3072000
10780	7.3	3072000
10800	7.3	3072000
10820	7.3	3072000
10840	7.3	3072000
10860	7.3	3072000
10880	7.3	3072000
10900	7.3	3072000
10920	7.3	3072000
10940	7.3	3072000
10960	7.3	3072000
10980	7.3	3072000
11000	7.3	3072000
11020	7.3	3072000
11040	7.3	3072000
11060	7.3	3072000
11080	7.3	3072000
11100	7.3	3072000
11120	7.3	3072000
11140	7.3	3072000
11160	7.3	3072000
11180	7.3	3072000
11200	7.3	3072000
11220	7.3	3072000
11240	7.3	3072000
11260	7.3	3072000
11280	7.3	3072000
11300	7.3	3072000
11320	7.3	3072000
11340	7.3	3072000
11360	7.3	3072000
11380	7.3	3072000
11400	7.3	3072000
11420	7.3	3072000
11440	7.3	3072000
11460	7.3	3072000
11480	7.3	3072000
11500	7.3	3072000
11520	7.3	3072000
11540	7.3	3072000
11560	7.3	3072000
11580	7.3	3072000
11600	7.3	3072000
11620	7.3	3072000
11640	7.3	3072000
11660	7.3	3072000
11680	7.3	3072000
11700	7.3	3072000
11720	7.3	3072000
11740	7.3	3072000
11760	7.3	3072000
11780	7.3	3072000
11800	7.3	3072000
11820	7.3	3072000
11840	7.3	3072000
11860	7.3	3072000
11880	7.3	3072000
11900	7.3	3072000
11920	7.3	3072000
11940	7.3	3072000
11960	7.3	3072000
11980	7.3	3072000
12000	7.3	3072000
12020	7.3	3584000
12040	7.3	3584000
12060	7.3	3584000
12080	7.3	3584000
12100	7.3	3584000
12120	7.3	3584000
12140	7.3	3584000
12160	7.3	3584000
12180	7.3	3584000
12200	7.3	3584000
12220	7.3	3584000
12240	7.3	3584000
12260	7.3	3584000
12280	7.3	3584000
12300	7.3	3584000
12320	7.3	3584000
12340	7.3	3584000
12360	7.3	3584000
12380	7.3	3584000
12400	7.3	3584000
12420	7.3	3584000
12440	7.3	3584000
12460	7.3	3584000
12480	7.3	3584000
12500	7.3	3584000
12520	7.3	3584000
12540	7.3	3584000
12560	7.3	3584000
12580	7.3	3584000
12600	7.3	3584000
12620	7.3	3584000
12640	7.3	3584000
12660	7.3	3584000
12680	7.3	3584000
12700	7.3	3584000
12720	7.3	3584000
12740	7.3	3584000
12760	7.3	3584000
12780	7.3	3584000
12800	7.3	3584000
12820	7.3	3584000
12840	7.3	3584000
12860	7.3	3584000
12880	7.3	3584000
12900	7.3	3584000
12920	7.3	3584000
12940	7.3	3584000
12960	7.3	3584000
12980	7.3	3584000
13000	7.3	3584000
13020	7.3	3584000
13040	7.3	3584000
13060	7.3	3584000
13080	7.3	3584000
13100	7.3	3584000
13120	7.3	3584000
13140	7.3	3584000
13160	7.3	3584000
13180	7.3	3584000
13200	7.3	3584000
13220	7.3	3584000
13240	7.3	3584000
13260	7.3	3584000
13280	7.3	3584000
13300	7.3	3584000
13320	7.3	3584000
13340	7.3	3584000
13360	7.3	3584000
13380	7.3	3584000
13400	7.3	3584000
13420	7.3	3584000
13440	7.3	3584000
13460	7.3	3584000
13480	7.3	3584000
13500	7.3	3584000
13520	7.3	3584000
13540	7.3	3584000
13560	7.3	3584000
13580	7.3	3584000
13600	7.3	3584000
13620	7.3	3584000
13640	7.3	3584000
13660	7.3	3584000
13680	7.3	3584000
13700	7.3	3584000
13720	7.3	3584000
13740	7.3	3584000
13760	7.3	3584000
13780	7.3	3584000
13800	7.3	3584000
13820	7.3	3584000
13840	7.3	3584000
13860	7.3	3584000
13880	7.3	3584000
13900	7.3	3584000
13920	7.3	3584000
13940	7.3	3584000
13960	7.3	3584000
13980	7.3	3584000
14000	7.3	3584000
14020	7.3	4096000
14040	7.3	4096000
14060	7.3	4096000
14080	7.3	4096000
14100	7.3	4096000
14120	7.3	4096000
14140	7.3	4096000
14160	7.3	4096000
14180	7.3	4096000
14200	7.3	4096000
14220	7.3	4096000
14240	7.3	4096000
14260	7.3	4096000
14280	7.3	4096000
14300	7.3	4096000
14320	7.3	4096000
14340	7.3	4096000
14360	7.3	4096000
14380	7.3	4096000
14400	7.3	4096000
14420	7.3	4096000
14440	7.3	4096000
14460	7.3	4096000
14480	7.3	4096000
14500	7.3	4096000
14520	7.3	4096000
14540	7.3	4096000
14560	7.3	4096000
14580	7.3	4096000
14600	7.3	4096000
14620	7.3	4096000
14640	7.3	4096000
14660	7.3	4096000
14680	7.3	4096000
14700	7.3	4096000
14720	7.3	4096000
14740	7.3	4096000
14760	7.3	4096000
14780	7.3	4096000
14800	7.3	4096000
14820	7.3	4096000
14840	7.3	4096000
14860	7.3	4096000
14880	7.3	4096000
14900	7.3	4096000
14920	7.3	4096000
14940	7.3	4096000
14960	7.3	4096000
14980	7.3	4096000
15000	7.3	4096000
15020	7.3	4096000
15040	7.3	4096000
15060	7.3	4096000
15080	7.3	4096000
15100	7.3	4096000
15120	7.3	4096000
15140	7.3	4096000
15160	7.3	4096000
15180	7.3	4096000
15200	7.3	4096000
15220	7.3	4096000
15240	7.3	4096000
15260	7.3	4096000
15280	7.3	4096000
15300	7.3	4096000
15320	7.3	4096000
15340	7.3	4096000
15360	7.3	4096000
15380	7.3	4096000
15400	7.3	4096000
15420	7.3	4096000
15440	7.3	4096000
15460	7.3	4096000
15480	7.3	4096000
15500	7.3	4096000
15520	7.3	4096000
15540	7.3	4096000
15560	7.3	4096000
15580	7.3	4096000
15600	7.3	4096000
15620	7.3	4096000
15640	7.3	4096000
15660	7.3	4096000
15680	7.3	4096000
15700	7.3	4096000
15720	7.3	4096000
15740	7.3	4096000
15760	7.3	4096000
15780	7.3	4096000
15800	7.3	4096000
15820	7.3	4096000
15840	7.3	4096000
15860	7.3	4096000
15880	7.3	4096000
15900	7.3	4096000
15920	7.3	4096000
15940	7.3	4096000
15960	7.3	4096000
15980	7.3	4096000
16000	7.3	4096000
16020	7.3	4608000
16040	7.3	4608000
16060	7.3	4608000
16080	7.3	4608000
16100	7.3	4608000
16120	7.3	4608000
16140	7.3	4608000
16160	7.3	4608000
16180	7.3	4608000
16200	7.3	4608000
16220	7.3	4608000
16240	7.3	4608000
16260	7.3	4608000
16280	7.3	4608000
16300	7.3	4608000
16320	7.3	4608000
16340	7.3	4608000
16360	7.3	4608000
16380	7.3	4608000
16400	7.3	4608000
16420	7.3	4608000
16440	7.3	4608000
16460	7.3	4608000
16480	7.3	4608000
16500	7.3	4608000
16520	7.3	4608000
16540	7.3	4608000
16560	7.3	4608000
16580	7.3	4608000
16600	7.3	4608000
16620	7.3	4608000
16640	7.3	4608000
16660	7.3	4608000
16680	7.3	4608000
16700	7.3	4608000
16720	7.3	4608000
16740	7.3	4608000
16760	7.3	4608000
16780	7.3	4608000
16800	7.3	4608000
16820	7.3	4608000
16840	7.3	4608000
16860	7.3	4608000
16880	7.3	4608000
16900	7.3	4608000
16920	7.3	4608000
16940	7.3	4608000
16960	7.3	4608000
16980	7.3	4608000
17000	7.3	4608000
17020	7.3	4608000
17040	7.3	4608000
17060	7.3	4608000
17080	7.3	4608000
17100	7.3	4608000
17120	7.3	4608000
17140	7.3	4608000
17160	7.3	4608000
17180	7.3	4608000
17200	7.3	4608000
17220	7.3	4608000
17240	7.3	4608000
17260	7.3	4608000
17280	7.3	4608000
17300	7.3	4608000
17320	7.3	4608000
17340	7.3	4608000
17360	7.3	4608000
17380	7.3	4608000
17400	7.3	4608000
17420	7.3	4608000
17440	7.3	4608000
17460	7.3	4608000
17480	7.3	4608000
17500	7.3	4608000
17520	7.3	4608000
17540	7.3	4608000
17560	7.3	4608000
17580	7.3	4608000
17600	7.3	4608000
17620	7.3	4608000
17640	7.3	4608000
17660	7.3	4608000
17680	7.3	4608000
17700	7.3	4608000
17720	7.3	4608000
17740	7.3	4608000
17760	7.3	4608000
17780	7.3	4608000
17800	7.3	4608000
17820	7.3	4608000
17840	7.3	4608000
17860	7.3	4608000
17880	7.3	4608000
17900	7.3	4608000
17920	7.3	4608000
17940	7.3	4608000
17960	7.3	4608000
17980	7.3	4608000
18000	7.3	4608000
18020	7.3	5120000
18040	7.3	5120000
18060	7.3	5120000
18080	7.3	5120000
18100	7.3	5120000
18120	7.3	5120000
18140	7.3	5120000
18160	7.3	5120000
18180	7.3	5120000
18200	7.3	5120000
18220	7.3	5120000
18240	7.3	5120000
18260	7.3	5120000
18280	7.3	5120000
18300	7.3	5120000
18320	7.3	5120000
18340	7.3	5120000
18360	7.3	5120000
18380	7.3	5120000
18400	7.3	5120000
18420	7.3	5120000
18440	7.3	5120000
18460	7.3	5120000
18480	7.3	5120000
18500	7.3	5120000
18520	7.3	5120000
18540	7.3	5120000
18560	7.3	5120000
18580	7.3	5120000
18600	7.3	5120000
18620	7.3	5120000
18640	7.3	5120000
18660	7.3	5120000
18680	7.3	5120000
18700	7.3	5120000
18720	7.3	5120000
18740	7.3	5120000
18760	7.3	5120000
18780	7.3	5120000
18800	7.3	5120000
18820	7.3	5120000
18840	7.3	5120000
18860	7.3	5120000
18880	7.3	5120000
18900	7.3	5120000
18920	7.3	5120000
18940	7.3	5120000
18960	7.3	5120000
18980	7.3	5120000
19000	7.3	5120000
19020	7.3	5120000
19040	7.3	5120000
19060	7.3	5120000
19080	7.3	5120000
19100	7.3	5120000
19120	7.3	5120000
19140	7.3	5120000
19160	7.3	5120000
19180	7.3	5120000
19200	7.3	5120000
19220	7.3	5120000
19240	7.3	5120000
19260	7.3	5120000
19280	7.3	5120000
19300	7.3	5120000
19320	7.3	5120000
19340	7.3	5120000
19360	7.3	5120000
19380	7.3	5120000
19400	7.3	5120000
19420	7.3	5120000
19440	7.3	5120000
19460	7.3	5120000
19480	7.3	5120000
19500	7.3	5120000
19520	7.3	5120000
19540	7.3	5120000
19560	7.3	5120000
19580	7.3	5120000
19600	7.3	5120000
19620	7.3	5120000
19640	7.3	5120000
19660	7.3	5120000
19680	7.3	5120000
19700	7.3	5120000
19720	7.3	5120000
19740	7.3	5120000
19760	7.3	5120000
19780	7.3	5120000
19800	7.3	5120000
19820	7.3	5120000
19840	7.3	5120000
19860	7.3	5120000
19880	7.3	5120000
19900	7.3	5120000
19920	7.3	5120000
19940	7.3	5120000
19960	7.3	5120000
19980	7.3	5120000
20000	7.3	5120000
