#Gen	 aveScore	 maxScore	  minScore	 devScore	 divScore	 numeval
0	6.0001	6.0001	6.0001	0	0	0
1	8.0001	8.0001	8.0001	0	0	4
2	8.0001	8.0001	8.0001	0	0	7
3	10.0001	10.0001	10.0001	0	0	10
4	12.0001	12.0001	12.0001	0	0	13
5	12.0001	12.0001	12.0001	0	0	16
6	14.0001	14.0001	14.0001	0	0	19
7	14.0001	14.0001	14.0001	0	0	22
8	14.0001	14.0001	14.0001	0	0	25
9	14.0001	14.0001	14.0001	0	0	28
10	14.0001	14.0001	14.0001	0	0	31
11	14.0001	14.0001	14.0001	0	0	34
12	16.0001	16.0001	16.0001	0	0	37
13	16.0001	16.0001	16.0001	0	0	40
14	16.0001	16.0001	16.0001	0	0	43
15	16.0001	16.0001	16.0001	0	0	46
16	16.0001	16.0001	16.0001	0	0	49
17	16.0001	16.0001	16.0001	0	0	52
18	16.0001	16.0001	16.0001	0	0	55
19	16.0001	16.0001	16.0001	0	0	58
20	16.0001	16.0001	16.0001	0	0	61
21	16.0001	16.0001	16.0001	0	0	64
22	16.0001	16.0001	16.0001	0	0	67
23	16.0001	16.0001	16.0001	0	0	70
24	16.0001	16.0001	16.0001	0	0	73
25	16.0001	16.0001	16.0001	0	0	76
26	16.0001	16.0001	16.0001	0	0	79
27	16.0001	16.0001	16.0001	0	0	82
28	16.0001	16.0001	16.0001	0	0	85
29	16.0001	16.0001	16.0001	0	0	88
30	16.0001	16.0001	16.0001	0	0	91
31	16.0001	16.0001	16.0001	0	0	94
32	18.0001	18.0001	18.0001	0	0	97
33	18.0001	18.0001	18.0001	0	0	100
34	18.0001	18.0001	18.0001	0	0	103
35	18.0001	18.0001	18.0001	0	0	106
36	18.0001	18.0001	18.0001	0	0	109
37	18.0001	18.0001	18.0001	0	0	112
38	18.0001	18.0001	18.0001	0	0	115
39	18.0001	18.0001	18.0001	0	0	118
40	18.0001	18.0001	18.0001	0	0	121
41	18.0001	18.0001	18.0001	0	0	124
42	18.0001	18.0001	18.0001	0	0	127
43	18.0001	18.0001	18.0001	0	0	130
44	18.0001	18.0001	18.0001	0	0	133
45	18.0001	18.0001	18.0001	0	0	136
46	18.0001	18.0001	18.0001	0	0	139
47	18.0001	18.0001	18.0001	0	0	142
48	18.0001	18.0001	18.0001	0	0	145
49	18.0001	18.0001	18.0001	0	0	148
50	18.0001	18.0001	18.0001	0	0	151
51	18.0001	18.0001	18.0001	0	0	154
52	18.0001	18.0001	18.0001	0	0	157
53	18.0001	18.0001	18.0001	0	0	160
54	18.0001	18.0001	18.0001	0	0	163
55	18.0001	18.0001	18.0001	0	0	166
56	18.0001	18.0001	18.0001	0	0	169
57	18.0001	18.0001	18.0001	0	0	172
58	18.0001	18.0001	18.0001	0	0	175
59	18.0001	18.0001	18.0001	0	0	178
60	18.0001	18.0001	18.0001	0	0	181
61	18.0001	18.0001	18.0001	0	0	184
62	18.0001	18.0001	18.0001	0	0	187
63	18.0001	18.0001	18.0001	0	0	190
64	18.0001	18.0001	18.0001	0	0	193
65	18.0001	18.0001	18.0001	0	0	196
66	18.0001	18.0001	18.0001	0	0	199
67	18.0001	18.0001	18.0001	0	0	202
68	18.0001	18.0001	18.0001	0	0	205
69	18.0001	18.0001	18.0001	0	0	208
70	18.0001	18.0001	18.0001	0	0	211
71	18.0001	18.0001	18.0001	0	0	214
72	18.0001	18.0001	18.0001	0	0	217
73	18.0001	18.0001	18.0001	0	0	220
74	18.0001	18.0001	18.0001	0	0	223
75	18.0001	18.0001	18.0001	0	0	226
76	18.0001	18.0001	18.0001	0	0	229
77	18.0001	18.0001	18.0001	0	0	232
78	18.0001	18.0001	18.0001	0	0	235
79	18.0001	18.0001	18.0001	0	0	238
80	18.0001	18.0001	18.0001	0	0	241
81	18.0001	18.0001	18.0001	0	0	244
82	18.0001	18.0001	18.0001	0	0	247
83	18.0001	18.0001	18.0001	0	0	250
84	18.0001	18.0001	18.0001	0	0	253
85	18.0001	18.0001	18.0001	0	0	256
86	18.0001	18.0001	18.0001	0	0	259
87	18.0001	18.0001	18.0001	0	0	262
88	18.0001	18.0001	18.0001	0	0	265
89	18.0001	18.0001	18.0001	0	0	268
90	18.0001	18.0001	18.0001	0	0	271
91	18.0001	18.0001	18.0001	0	0	274
92	18.0001	18.0001	18.0001	0	0	277
93	18.0001	18.0001	18.0001	0	0	280
94	18.0001	18.0001	18.0001	0	0	283
95	18.0001	18.0001	18.0001	0	0	286
96	18.0001	18.0001	18.0001	0	0	289
97	18.0001	18.0001	18.0001	0	0	292
98	18.0001	18.0001	18.0001	0	0	295
99	18.0001	18.0001	18.0001	0	0	298
100	18.0001	18.0001	18.0001	0	0	301
101	18.0001	18.0001	18.0001	0	0	304
102	18.0001	18.0001	18.0001	0	0	307
103	18.0001	18.0001	18.0001	0	0	310
104	18.0001	18.0001	18.0001	0	0	313
105	18.0001	18.0001	18.0001	0	0	316
106	18.0001	18.0001	18.0001	0	0	319
107	18.0001	18.0001	18.0001	0	0	322
108	18.0001	18.0001	18.0001	0	0	325
109	18.0001	18.0001	18.0001	0	0	328
110	18.0001	18.0001	18.0001	0	0	331
111	18.0001	18.0001	18.0001	0	0	334
112	18.0001	18.0001	18.0001	0	0	337
113	18.0001	18.0001	18.0001	0	0	340
114	18.0001	18.0001	18.0001	0	0	343
115	18.0001	18.0001	18.0001	0	0	346
116	18.0001	18.0001	18.0001	0	0	349
117	18.0001	18.0001	18.0001	0	0	352
118	18.0001	18.0001	18.0001	0	0	355
119	18.0001	18.0001	18.0001	0	0	358
120	18.0001	18.0001	18.0001	0	0	361
121	18.0001	18.0001	18.0001	0	0	364
122	18.0001	18.0001	18.0001	0	0	367
123	18.0001	18.0001	18.0001	0	0	370
124	18.0001	18.0001	18.0001	0	0	373
125	18.0001	18.0001	18.0001	0	0	376
126	18.0001	18.0001	18.0001	0	0	379
127	18.0001	18.0001	18.0001	0	0	382
128	18.0001	18.0001	18.0001	0	0	385
129	18.0001	18.0001	18.0001	0	0	388
130	18.0001	18.0001	18.0001	0	0	391
131	18.0001	18.0001	18.0001	0	0	394
132	18.0001	18.0001	18.0001	0	0	397
133	18.0001	18.0001	18.0001	0	0	400
134	18.0001	18.0001	18.0001	0	0	403
135	18.0001	18.0001	18.0001	0	0	406
136	18.0001	18.0001	18.0001	0	0	409
137	18.0001	18.0001	18.0001	0	0	412
138	18.0001	18.0001	18.0001	0	0	415
139	18.0001	18.0001	18.0001	0	0	418
140	18.0001	18.0001	18.0001	0	0	421
141	18.0001	18.0001	18.0001	0	0	424
142	18.0001	18.0001	18.0001	0	0	427
143	18.0001	18.0001	18.0001	0	0	430
144	18.0001	18.0001	18.0001	0	0	433
145	18.0001	18.0001	18.0001	0	0	436
146	18.0001	18.0001	18.0001	0	0	439
147	18.0001	18.0001	18.0001	0	0	442
148	18.0001	18.0001	18.0001	0	0	445
149	18.0001	18.0001	18.0001	0	0	448
150	18.0001	18.0001	18.0001	0	0	451
151	18.0001	18.0001	18.0001	0	0	454
152	18.0001	18.0001	18.0001	0	0	457
153	18.0001	18.0001	18.0001	0	0	460
154	18.0001	18.0001	18.0001	0	0	463
155	18.0001	18.0001	18.0001	0	0	466
156	18.0001	18.0001	18.0001	0	0	469
157	18.0001	18.0001	18.0001	0	0	472
158	18.0001	18.0001	18.0001	0	0	475
159	18.0001	18.0001	18.0001	0	0	478
160	18.0001	18.0001	18.0001	0	0	481
161	18.0001	18.0001	18.0001	0	0	484
162	18.0001	18.0001	18.0001	0	0	487
163	18.0001	18.0001	18.0001	0	0	490
164	18.0001	18.0001	18.0001	0	0	493
165	18.0001	18.0001	18.0001	0	0	496
166	18.0001	18.0001	18.0001	0	0	499
167	18.0001	18.0001	18.0001	0	0	502
168	18.0001	18.0001	18.0001	0	0	505
169	18.0001	18.0001	18.0001	0	0	508
170	18.0001	18.0001	18.0001	0	0	511
171	18.0001	18.0001	18.0001	0	0	514
172	18.0001	18.0001	18.0001	0	0	517
173	18.0001	18.0001	18.0001	0	0	520
174	18.0001	18.0001	18.0001	0	0	523
175	18.0001	18.0001	18.0001	0	0	526
176	18.0001	18.0001	18.0001	0	0	529
177	18.0001	18.0001	18.0001	0	0	532
178	18.0001	18.0001	18.0001	0	0	535
179	18.0001	18.0001	18.0001	0	0	538
180	18.0001	18.0001	18.0001	0	0	541
181	18.0001	18.0001	18.0001	0	0	544
182	18.0001	18.0001	18.0001	0	0	547
183	18.0001	18.0001	18.0001	0	0	550
184	18.0001	18.0001	18.0001	0	0	553
185	18.0001	18.0001	18.0001	0	0	556
186	18.0001	18.0001	18.0001	0	0	559
187	18.0001	18.0001	18.0001	0	0	562
188	18.0001	18.0001	18.0001	0	0	565
189	18.0001	18.0001	18.0001	0	0	568
190	18.0001	18.0001	18.0001	0	0	571
191	18.0001	18.0001	18.0001	0	0	574
192	18.0001	18.0001	18.0001	0	0	577
193	18.0001	18.0001	18.0001	0	0	580
194	18.0001	18.0001	18.0001	0	0	583
195	18.0001	18.0001	18.0001	0	0	586
196	18.0001	18.0001	18.0001	0	0	589
197	18.0001	18.0001	18.0001	0	0	592
198	18.0001	18.0001	18.0001	0	0	595
199	18.0001	18.0001	18.0001	0	0	598
200	18.0001	18.0001	18.0001	0	0	601
201	18.0001	18.0001	18.0001	0	0	604
202	18.0001	18.0001	18.0001	0	0	607
203	18.0001	18.0001	18.0001	0	0	610
204	18.0001	18.0001	18.0001	0	0	613
205	18.0001	18.0001	18.0001	0	0	616
206	18.0001	18.0001	18.0001	0	0	619
207	18.0001	18.0001	18.0001	0	0	622
208	18.0001	18.0001	18.0001	0	0	625
209	18.0001	18.0001	18.0001	0	0	628
210	18.0001	18.0001	18.0001	0	0	631
211	18.0001	18.0001	18.0001	0	0	634
212	18.0001	18.0001	18.0001	0	0	637
213	18.0001	18.0001	18.0001	0	0	640
214	18.0001	18.0001	18.0001	0	0	643
215	18.0001	18.0001	18.0001	0	0	646
216	18.0001	18.0001	18.0001	0	0	649
217	18.0001	18.0001	18.0001	0	0	652
218	18.0001	18.0001	18.0001	0	0	655
219	18.0001	18.0001	18.0001	0	0	658
220	18.0001	18.0001	18.0001	0	0	661
221	18.0001	18.0001	18.0001	0	0	664
222	18.0001	18.0001	18.0001	0	0	667
223	18.0001	18.0001	18.0001	0	0	670
224	18.0001	18.0001	18.0001	0	0	673
225	18.0001	18.0001	18.0001	0	0	676
226	18.0001	18.0001	18.0001	0	0	679
227	18.0001	18.0001	18.0001	0	0	682
228	18.0001	18.0001	18.0001	0	0	685
229	18.0001	18.0001	18.0001	0	0	688
230	18.0001	18.0001	18.0001	0	0	691
231	18.0001	18.0001	18.0001	0	0	694
232	18.0001	18.0001	18.0001	0	0	697
233	18.0001	18.0001	18.0001	0	0	700
234	18.0001	18.0001	18.0001	0	0	703
235	18.0001	18.0001	18.0001	0	0	706
236	18.0001	18.0001	18.0001	0	0	709
237	18.0001	18.0001	18.0001	0	0	712
238	18.0001	18.0001	18.0001	0	0	715
239	18.0001	18.0001	18.0001	0	0	718
240	18.0001	18.0001	18.0001	0	0	721
241	18.0001	18.0001	18.0001	0	0	724
242	18.0001	18.0001	18.0001	0	0	727
243	18.0001	18.0001	18.0001	0	0	730
244	18.0001	18.0001	18.0001	0	0	733
245	18.0001	18.0001	18.0001	0	0	736
246	18.0001	18.0001	18.0001	0	0	739
247	18.0001	18.0001	18.0001	0	0	742
248	18.0001	18.0001	18.0001	0	0	745
249	18.0001	18.0001	18.0001	0	0	748
250	18.0001	18.0001	18.0001	0	0	751
251	18.0001	18.0001	18.0001	0	0	754
252	18.0001	18.0001	18.0001	0	0	757
253	18.0001	18.0001	18.0001	0	0	760
254	18.0001	18.0001	18.0001	0	0	763
255	18.0001	18.0001	18.0001	0	0	766
256	18.0001	18.0001	18.0001	0	0	769
257	18.0001	18.0001	18.0001	0	0	772
258	18.0001	18.0001	18.0001	0	0	775
259	18.0001	18.0001	18.0001	0	0	778
260	18.0001	18.0001	18.0001	0	0	781
261	18.0001	18.0001	18.0001	0	0	784
262	18.0001	18.0001	18.0001	0	0	787
263	18.0001	18.0001	18.0001	0	0	790
264	18.0001	18.0001	18.0001	0	0	793
265	18.0001	18.0001	18.0001	0	0	796
266	18.0001	18.0001	18.0001	0	0	799
267	18.0001	18.0001	18.0001	0	0	802
268	18.0001	18.0001	18.0001	0	0	805
269	18.0001	18.0001	18.0001	0	0	808
270	18.0001	18.0001	18.0001	0	0	811
271	18.0001	18.0001	18.0001	0	0	814
272	18.0001	18.0001	18.0001	0	0	817
273	18.0001	18.0001	18.0001	0	0	820
274	18.0001	18.0001	18.0001	0	0	823
275	18.0001	18.0001	18.0001	0	0	826
276	18.0001	18.0001	18.0001	0	0	829
277	18.0001	18.0001	18.0001	0	0	832
278	18.0001	18.0001	18.0001	0	0	835
279	18.0001	18.0001	18.0001	0	0	838
280	18.0001	18.0001	18.0001	0	0	841
281	18.0001	18.0001	18.0001	0	0	844
282	18.0001	18.0001	18.0001	0	0	847
283	18.0001	18.0001	18.0001	0	0	850
284	18.0001	18.0001	18.0001	0	0	853
285	18.0001	18.0001	18.0001	0	0	856
286	18.0001	18.0001	18.0001	0	0	859
287	18.0001	18.0001	18.0001	0	0	862
288	18.0001	18.0001	18.0001	0	0	865
289	18.0001	18.0001	18.0001	0	0	868
290	18.0001	18.0001	18.0001	0	0	871
291	18.0001	18.0001	18.0001	0	0	874
292	18.0001	18.0001	18.0001	0	0	877
293	18.0001	18.0001	18.0001	0	0	880
294	18.0001	18.0001	18.0001	0	0	883
295	18.0001	18.0001	18.0001	0	0	886
296	18.0001	18.0001	18.0001	0	0	889
297	18.0001	18.0001	18.0001	0	0	892
298	18.0001	18.0001	18.0001	0	0	895
299	18.0001	18.0001	18.0001	0	0	898
300	18.0001	18.0001	18.0001	0	0	901
301	18.0001	18.0001	18.0001	0	0	904
302	18.0001	18.0001	18.0001	0	0	907
303	18.0001	18.0001	18.0001	0	0	910
304	18.0001	18.0001	18.0001	0	0	913
305	18.0001	18.0001	18.0001	0	0	916
306	18.0001	18.0001	18.0001	0	0	919
307	18.0001	18.0001	18.0001	0	0	922
308	18.0001	18.0001	18.0001	0	0	925
309	18.0001	18.0001	18.0001	0	0	928
310	18.0001	18.0001	18.0001	0	0	931
311	18.0001	18.0001	18.0001	0	0	934
312	18.0001	18.0001	18.0001	0	0	937
313	18.0001	18.0001	18.0001	0	0	940
314	18.0001	18.0001	18.0001	0	0	943
315	18.0001	18.0001	18.0001	0	0	946
316	18.0001	18.0001	18.0001	0	0	949
317	18.0001	18.0001	18.0001	0	0	952
318	18.0001	18.0001	18.0001	0	0	955
319	18.0001	18.0001	18.0001	0	0	958
320	18.0001	18.0001	18.0001	0	0	961
321	18.0001	18.0001	18.0001	0	0	964
322	18.0001	18.0001	18.0001	0	0	967
323	18.0001	18.0001	18.0001	0	0	970
324	18.0001	18.0001	18.0001	0	0	973
325	18.0001	18.0001	18.0001	0	0	976
326	18.0001	18.0001	18.0001	0	0	979
327	18.0001	18.0001	18.0001	0	0	982
328	18.0001	18.0001	18.0001	0	0	985
329	18.0001	18.0001	18.0001	0	0	988
330	18.0001	18.0001	18.0001	0	0	991
331	18.0001	18.0001	18.0001	0	0	994
332	18.0001	18.0001	18.0001	0	0	997
333	18.0001	18.0001	18.0001	0	0	1000
334	18.0001	18.0001	18.0001	0	0	1003
335	18.0001	18.0001	18.0001	0	0	1006
336	18.0001	18.0001	18.0001	0	0	1009
337	18.0001	18.0001	18.0001	0	0	1012
338	18.0001	18.0001	18.0001	0	0	1015
339	18.0001	18.0001	18.0001	0	0	1018
340	18.0001	18.0001	18.0001	0	0	1021
341	18.0001	18.0001	18.0001	0	0	1024
342	18.0001	18.0001	18.0001	0	0	1027
343	18.0001	18.0001	18.0001	0	0	1030
344	18.0001	18.0001	18.0001	0	0	1033
345	18.0001	18.0001	18.0001	0	0	1036
346	18.0001	18.0001	18.0001	0	0	1039
347	18.0001	18.0001	18.0001	0	0	1042
348	18.0001	18.0001	18.0001	0	0	1045
349	18.0001	18.0001	18.0001	0	0	1048
350	18.0001	18.0001	18.0001	0	0	1051
351	18.0001	18.0001	18.0001	0	0	1054
352	18.0001	18.0001	18.0001	0	0	1057
353	18.0001	18.0001	18.0001	0	0	1060
354	18.0001	18.0001	18.0001	0	0	1063
355	18.0001	18.0001	18.0001	0	0	1066
356	18.0001	18.0001	18.0001	0	0	1069
357	18.0001	18.0001	18.0001	0	0	1072
358	18.0001	18.0001	18.0001	0	0	1075
359	18.0001	18.0001	18.0001	0	0	1078
360	18.0001	18.0001	18.0001	0	0	1081
361	18.0001	18.0001	18.0001	0	0	1084
362	18.0001	18.0001	18.0001	0	0	1087
363	18.0001	18.0001	18.0001	0	0	1090
364	18.0001	18.0001	18.0001	0	0	1093
365	18.0001	18.0001	18.0001	0	0	1096
366	18.0001	18.0001	18.0001	0	0	1099
367	18.0001	18.0001	18.0001	0	0	1102
368	18.0001	18.0001	18.0001	0	0	1105
369	18.0001	18.0001	18.0001	0	0	1108
370	18.0001	18.0001	18.0001	0	0	1111
371	18.0001	18.0001	18.0001	0	0	1114
372	18.0001	18.0001	18.0001	0	0	1117
373	18.0001	18.0001	18.0001	0	0	1120
374	18.0001	18.0001	18.0001	0	0	1123
375	18.0001	18.0001	18.0001	0	0	1126
376	18.0001	18.0001	18.0001	0	0	1129
377	18.0001	18.0001	18.0001	0	0	1132
378	18.0001	18.0001	18.0001	0	0	1135
379	18.0001	18.0001	18.0001	0	0	1138
380	18.0001	18.0001	18.0001	0	0	1141
381	18.0001	18.0001	18.0001	0	0	1144
382	18.0001	18.0001	18.0001	0	0	1147
383	18.0001	18.0001	18.0001	0	0	1150
384	18.0001	18.0001	18.0001	0	0	1153
385	18.0001	18.0001	18.0001	0	0	1156
386	18.0001	18.0001	18.0001	0	0	1159
387	18.0001	18.0001	18.0001	0	0	1162
388	18.0001	18.0001	18.0001	0	0	1165
389	18.0001	18.0001	18.0001	0	0	1168
390	18.0001	18.0001	18.0001	0	0	1171
391	18.0001	18.0001	18.0001	0	0	1174
392	18.0001	18.0001	18.0001	0	0	1177
393	18.0001	18.0001	18.0001	0	0	1180
394	18.0001	18.0001	18.0001	0	0	1183
395	18.0001	18.0001	18.0001	0	0	1186
396	18.0001	18.0001	18.0001	0	0	1189
397	18.0001	18.0001	18.0001	0	0	1192
398	18.0001	18.0001	18.0001	0	0	1195
399	18.0001	18.0001	18.0001	0	0	1198
400	18.0001	18.0001	18.0001	0	0	1201
401	18.0001	18.0001	18.0001	0	0	1204
402	18.0001	18.0001	18.0001	0	0	1207
403	18.0001	18.0001	18.0001	0	0	1210
404	18.0001	18.0001	18.0001	0	0	1213
405	18.0001	18.0001	18.0001	0	0	1216
406	18.0001	18.0001	18.0001	0	0	1219
407	18.0001	18.0001	18.0001	0	0	1222
408	18.0001	18.0001	18.0001	0	0	1225
409	18.0001	18.0001	18.0001	0	0	1228
410	18.0001	18.0001	18.0001	0	0	1231
411	18.0001	18.0001	18.0001	0	0	1234
412	18.0001	18.0001	18.0001	0	0	1237
413	18.0001	18.0001	18.0001	0	0	1240
414	18.0001	18.0001	18.0001	0	0	1243
415	18.0001	18.0001	18.0001	0	0	1246
416	18.0001	18.0001	18.0001	0	0	1249
417	18.0001	18.0001	18.0001	0	0	1252
418	18.0001	18.0001	18.0001	0	0	1255
419	18.0001	18.0001	18.0001	0	0	1258
420	18.0001	18.0001	18.0001	0	0	1261
421	18.0001	18.0001	18.0001	0	0	1264
422	18.0001	18.0001	18.0001	0	0	1267
423	18.0001	18.0001	18.0001	0	0	1270
424	18.0001	18.0001	18.0001	0	0	1273
425	18.0001	18.0001	18.0001	0	0	1276
426	18.0001	18.0001	18.0001	0	0	1279
427	18.0001	18.0001	18.0001	0	0	1282
428	18.0001	18.0001	18.0001	0	0	1285
429	18.0001	18.0001	18.0001	0	0	1288
430	18.0001	18.0001	18.0001	0	0	1291
431	18.0001	18.0001	18.0001	0	0	1294
432	18.0001	18.0001	18.0001	0	0	1297
433	18.0001	18.0001	18.0001	0	0	1300
434	18.0001	18.0001	18.0001	0	0	1303
435	18.0001	18.0001	18.0001	0	0	1306
436	18.0001	18.0001	18.0001	0	0	1309
437	18.0001	18.0001	18.0001	0	0	1312
438	18.0001	18.0001	18.0001	0	0	1315
439	18.0001	18.0001	18.0001	0	0	1318
440	18.0001	18.0001	18.0001	0	0	1321
441	18.0001	18.0001	18.0001	0	0	1324
442	18.0001	18.0001	18.0001	0	0	1327
443	18.0001	18.0001	18.0001	0	0	1330
444	20.0001	20.0001	20.0001	0	0	1333
